cos: 
dd  10000, 9998, 9994, 9986, 9976, 9962, 9945, 9925, 9903, 9877 
dd  9848, 9816, 9781, 9744, 9703, 9659, 9613, 9563, 9511, 9455 
dd  9397, 9336, 9272, 9205, 9135, 9063, 8988, 8910, 8829, 8746 
dd  8660, 8572, 8480, 8387, 8290, 8192, 8090, 7986, 7880, 7771 
dd  7660, 7547, 7431, 7314, 7193, 7071, 6947, 6820, 6691, 6561 
dd  6428, 6293, 6157, 6018, 5878, 5736, 5592, 5446, 5299, 5150 
dd  5000, 4848, 4695, 4540, 4384, 4226, 4067, 3907, 3746, 3584 
dd  3420, 3256, 3090, 2924, 2756, 2588, 2419, 2250, 2079, 1908 
dd  1736, 1564, 1392, 1219, 1045, 872, 698, 523, 349, 175 
dd  0,-175,-349,-523,-698,-872,-1045,-1219,-1392,-1564 
dd -1736,-1908,-2079,-2250,-2419,-2588,-2756,-2924,-3090,-3256 
dd -3420,-3584,-3746,-3907,-4067,-4226,-4384,-4540,-4695,-4848 
dd -5000,-5150,-5299,-5446,-5592,-5736,-5878,-6018,-6157,-6293 
dd -6428,-6561,-6691,-6820,-6947,-7071,-7193,-7314,-7431,-7547 
dd -7660,-7771,-7880,-7986,-8090,-8192,-8290,-8387,-8480,-8572 
dd -8660,-8746,-8829,-8910,-8988,-9063,-9135,-9205,-9272,-9336 
dd -9397,-9455,-9511,-9563,-9613,-9659,-9703,-9744,-9781,-9816 
dd -9848,-9877,-9903,-9925,-9945,-9962,-9976,-9986,-9994,-9998 
dd -10000,-9998,-9994,-9986,-9976,-9962,-9945,-9925,-9903,-9877 
dd -9848,-9816,-9781,-9744,-9703,-9659,-9613,-9563,-9511,-9455 
dd -9397,-9336,-9272,-9205,-9135,-9063,-8988,-8910,-8829,-8746 
dd -8660,-8572,-8480,-8387,-8290,-8192,-8090,-7986,-7880,-7771 
dd -7660,-7547,-7431,-7314,-7193,-7071,-6947,-6820,-6691,-6561 
dd -6428,-6293,-6157,-6018,-5878,-5736,-5592,-5446,-5299,-5150 
dd -5000,-4848,-4695,-4540,-4384,-4226,-4067,-3907,-3746,-3584 
dd -3420,-3256,-3090,-2924,-2756,-2588,-2419,-2250,-2079,-1908 
dd -1736,-1564,-1392,-1219,-1045,-872,-698,-523,-349,-175 
dd  0, 175, 349, 523, 698, 872, 1045, 1219, 1392, 1564 
dd  1736, 1908, 2079, 2250, 2419, 2588, 2756, 2924, 3090, 3256 
dd  3420, 3584, 3746, 3907, 4067, 4226, 4384, 4540, 4695, 4848 
dd  5000, 5150, 5299, 5446, 5592, 5736, 5878, 6018, 6157, 6293 
dd  6428, 6561, 6691, 6820, 6947, 7071, 7193, 7314, 7431, 7547 
dd  7660, 7771, 7880, 7986, 8090, 8192, 8290, 8387, 8480, 8572 
dd  8660, 8746, 8829, 8910, 8988, 9063, 9135, 9205, 9272, 9336 
dd  9397, 9455, 9511, 9563, 9613, 9659, 9703, 9744, 9781, 9816 
dd  9848, 9877, 9903, 9925, 9945, 9962, 9976, 9986, 9994, 9998 
dd  10000,0
 
 
sin: 
dd  0,         175,          349,          523,          698,          872,          1045,         1219,         1392,         1564 
dd  1736,      1908,         2079,         2250,         2419,         2588,         2756,         2924,         3090,         3256 
dd  3420,      3584,         3746,         3907,         4067,         4226,         4384,         4540,         4695,         4848 
dd  5000,      5150,         5299,         5446,         5592,         5736,         5878,         6018,         6157,         6293 
dd  6428,      6561,         6691,         6820,         6947,         7071,         7193,         7314,         7431,         7547 
dd  7660,      7771,         7880,         7986,         8090,         8192,         8290,         8387,         8480,         8572 
dd  8660,      8746,         8829,         8910,         8988,         9063,         9135,         9205,         9272,         9336 
dd  9397,      9455,         9511,         9563,         9613,         9659,         9703,         9744,         9781,         9816 
dd  9848,      9877,         9903,         9925,         9945,         9962,         9976,         9986,         9994,         9998 
dd  10000,     9998,         9994,         9986,         9976,         9962,         9945,         9925,         9903,         9877 
dd  9848,      9816,         9781,         9744,         9703,         9659,         9613,         9563,         9511,         9455 
dd  9397,      9336,         9272,         9205,         9135,         9063,         8988,         8910,         8829,         8746 
dd  8660,      8572,         8480,         8387,         8290,         8192,         8090,         7986,         7880,         7771 
dd  7660,      7547,         7431,         7314,         7193,         7071,         6947,         6820,         6691,         6561 
dd  6428,      6293,         6157,         6018,         5878,         5736,         5592,         5446,         5299,         5150 
dd  5000,      4848,         4695,         4540,         4384,         4226,         4067,         3907,         3746,         3584 
dd  3420,      3256,         3090,         2924,         2756,         2588,         2419,         2250,         2079,         1908 
dd  1736,      1564,         1392,         1219,         1045,         872,          698,          523,          349,          175 
dd  0,        -175,         -349,         -523,         -698,         -872,         -1045,        -1219,        -1392,        -1564 
dd -1736,     -1908,        -2079,        -2250,        -2419,        -2588,        -2756,        -2924,        -3090,        -3256 
dd -3420,     -3584,        -3746,        -3907,        -4067,        -4226,        -4384,        -4540,        -4695,        -4848 
dd -5000,     -5150,        -5299,        -5446,        -5592,        -5736,        -5878,        -6018,        -6157,        -6293 
dd -6428,     -6561,        -6691,        -6820,        -6947,        -7071,        -7193,        -7314,        -7431,        -7547 
dd -7660,     -7771,        -7880,        -7986,        -8090,        -8192,        -8290,        -8387,        -8480,        -8572 
dd -8660,     -8746,        -8829,        -8910,        -8988,        -9063,        -9135,        -9205,        -9272,        -9336 
dd -9397,     -9455,        -9511,        -9563,        -9613,        -9659,        -9703,        -9744,        -9781,        -9816 
dd -9848,     -9877,        -9903,        -9925,        -9945,        -9962,        -9976,        -9986,        -9994,        -9998 
dd -10000,    -9998,        -9994,        -9986,        -9976,        -9962,        -9945,        -9925,        -9903,        -9877 
dd -9848,     -9816,        -9781,        -9744,        -9703,        -9659,        -9613,        -9563,        -9511,        -9455 
dd -9397,     -9336,        -9272,        -9205,        -9135,        -9063,        -8988,        -8910,        -8829,        -8746 
dd -8660,     -8572,        -8480,        -8387,        -8290,        -8192,        -8090,        -7986,        -7880,        -7771 
dd -7660,     -7547,        -7431,        -7314,        -7193,        -7071,        -6947,        -6820,        -6691,        -6561 
dd -6428,     -6293,        -6157,        -6018,        -5878,        -5736,        -5592,        -5446,        -5299,        -5150 
dd -5000,     -4848,        -4695,        -4540,        -4384,        -4226,        -4067,        -3907,        -3746,        -3584 
dd -3420,     -3256,        -3090,        -2924,        -2756,        -2588,        -2419,        -2250,        -2079,        -1908 
dd -1736,     -1564,        -1392,        -1219,        -1045,        -872,         -698,         -523,         -349,         -175 
dd  0,        0
 
 
